Beats are too small to categorize as it goes further into the city centre.

N: 5, 4.01, 4.02, 14, 16, 3, 6, 13, 18
L: 2, 7, 11, 12, 19, 20, 1, 8, 9, 10
J: 15, 17.02, 17.01, 29, 30, 31, 33, 27, 28, 36, 46
U: 25, 26, 44, 43.01, 43.02, 53.01, 53.02, 21, 22, 24, 38, 39, 42, 41
B: 32, 47, 34, 35, 48, 49, 45, 50, 51, 52, 54
Q: 56, 57, 58.01, 58.02, 59, 60, 67, 68, 69, 70, 71
D: 80.01, 80.02, 72, 61, 66, 73
C: 65, 62, 63, 64, 76, 77, 78, 79
E: 74.01, 74.02, 75, 83, 84
M: 81, 82
K: 91, 92
G: 85, 86, 87, 88, 89, 90
O: 93, 109
R: 94, 100.02, 100.01, 104.02, 104.01, 95, 101, 103, 102
S: 110.01, 110.02, 111.01, 111.02, 117, 118, 119
F: 107.01, 107.02, 108, 114.01, 114.02, 112, 113
W: 96, 97.01, 97.02, 98, 99, 105, 106, 116, 115, 120, 121